SOURCE jen_ForA 3.3609780000 -37.1509690000
FREQ 1.7000e+08 235.71000 0 0 0
SHAPELET -77.99222 8.027761 4.820640
COEFF 0.0e+00   0.0e+00   5.0239939e-02
COEFF 0.0e+00   2.0e+00   2.0790306e-02
COEFF 3.0e+00   0.0e+00  -1.5606131e-02
COEFF 6.0e+00   0.0e+00   1.5008946e-02
COEFF 7.0e+00   0.0e+00  -1.1596287e-02
COEFF 1.0e+00   0.0e+00   9.5401936e-03
COEFF 5.0e+00   0.0e+00  -9.3671916e-03
COEFF 4.0e+00   0.0e+00   8.7932604e-03
COEFF 9.0e+00   0.0e+00  -8.7418484e-03
COEFF 8.0e+00   0.0e+00   8.1756772e-03
COEFF 1.0e+01   0.0e+00   5.6713356e-03
COEFF 2.0e+00   2.0e+00  -4.8220427e-03
COEFF 3.0e+00   1.0e+00  -4.4247162e-03
COEFF 4.0e+00   2.0e+00   4.3751665e-03
COEFF 7.0e+00   2.0e+00  -3.8499128e-03
COEFF 4.0e+00   1.0e+00   2.8517204e-03
COEFF 3.0e+00   2.0e+00  -2.8106689e-03
COEFF 5.0e+00   3.0e+00  -2.5157403e-03
COEFF 7.0e+00   1.0e+00  -2.4178164e-03
COEFF 1.5e+01   0.0e+00   2.3780787e-03
COEFF 1.1e+01   1.0e+00  -2.3335772e-03
COEFF 0.0e+00   6.0e+00  -2.1994546e-03
COEFF 8.0e+00   1.0e+00   2.1850901e-03
COEFF 1.2e+01   1.0e+00   2.0879277e-03
COEFF 6.0e+00   2.0e+00   2.0425268e-03
COEFF 8.0e+00   2.0e+00   2.0110381e-03
COEFF 0.0e+00   1.0e+00   2.0109973e-03
COEFF 1.0e+00   1.0e+00   1.9386771e-03
COEFF 1.0e+00   3.0e+00  -1.9097499e-03
COEFF 1.0e+01   1.0e+00   1.7095670e-03
COEFF 4.0e+00   3.0e+00   1.6661082e-03
COEFF 1.4e+01   0.0e+00  -1.5951253e-03
COEFF 6.0e+00   3.0e+00   1.5669673e-03
COEFF 9.0e+00   1.0e+00  -1.5620536e-03
COEFF 6.0e+00   1.0e+00   1.4251634e-03
COEFF 3.0e+00   4.0e+00  -1.3399768e-03
COEFF 1.1e+01   0.0e+00  -1.1966555e-03
COEFF 1.5e+01   1.0e+00   1.1777777e-03
COEFF 1.0e+00   2.0e+00  -1.1510803e-03
COEFF 9.0e+00   3.0e+00  -1.1186903e-03
COEFF 8.0e+00   3.0e+00   1.1128602e-03
COEFF 1.2e+01   2.0e+00  -9.9683713e-04
COEFF 5.0e+00   2.0e+00  -9.5138327e-04
COEFF 1.2e+01   0.0e+00   9.1633168e-04
COEFF 1.3e+01   0.0e+00  -9.1131142e-04
COEFF 2.0e+00   3.0e+00   8.9276486e-04
COEFF 1.1e+01   3.0e+00   8.8974891e-04
COEFF 7.0e+00   4.0e+00  -8.7754263e-04
COEFF 1.6e+01   1.0e+00  -8.0182289e-04
COEFF 5.0e+00   1.0e+00  -7.9643215e-04
ENDSOURCE
